"","collection_date","pos_scc","neg_scc","total_scc","pos_smc","neg_smc","total_smc","perc_pos_smc","perc_pos_scc","pos","neg","total","perc_pos","perc_pos_mov7","perc_pos_scc_mov7","perc_pos_smc_mov7"
"1",2020-01-12,0,37,37,0,0,0,NA,0,0,37,37,0,0,0,NA
"2",2020-01-21,0,3,3,0,0,0,NA,0,0,3,3,0,0,0,NA
"3",2020-01-23,0,1,1,0,0,0,NA,0,0,1,1,0,0,0,NA
"4",2020-01-26,0,3,3,0,0,0,NA,0,0,3,3,0,0,0,NA
"5",2020-01-27,1,0,1,0,0,0,NA,1,1,0,1,1,0.2,0.2,NA
"6",2020-01-28,0,3,3,0,0,0,NA,0,0,3,3,0,0.166666666666667,0.166666666666667,NA
"7",2020-02-01,0,1,1,0,0,0,NA,0,0,1,1,0,0.142857142857143,0.142857142857143,NA
"8",2020-02-02,0,2,2,0,0,0,NA,0,0,2,2,0,0.142857142857143,0.142857142857143,NA
"9",2020-02-03,0,1,1,0,0,0,NA,0,0,1,1,0,0.142857142857143,0.142857142857143,NA
"10",2020-02-06,0,1,1,0,0,0,NA,0,0,1,1,0,0.142857142857143,0.142857142857143,NA
"11",2020-02-09,0,1,1,0,0,0,NA,0,0,1,1,0,0.142857142857143,0.142857142857143,NA
"12",2020-02-20,0,1,1,0,0,0,NA,0,0,1,1,0,0,0,NA
"13",2020-02-21,0,1,1,0,1,1,0,0,0,2,2,0,0,0,NA
"14",2020-02-22,0,1,1,0,0,0,NA,0,0,1,1,0,0,0,NA
"15",2020-02-23,0,1,1,0,2,2,0,0,0,3,3,0,0,0,NA
"16",2020-02-26,1,1,2,0,0,0,NA,0.5,1,1,2,0.5,0.0714285714285714,0.0714285714285714,NA
"17",2020-02-28,1,1,2,1,4,5,0.2,0.5,2,5,7,0.285714285714286,0.112244897959184,0.142857142857143,NA
"18",2020-02-29,3,0,3,0,1,1,0,1,3,1,4,0.75,0.219387755102041,0.285714285714286,NA
"19",2020-03-01,0,0,0,0,0,0,NA,NA,0,0,0,NA,NA,NA,NA
"20",2020-03-02,3,0,3,0,2,2,0,1,3,2,5,0.6,NA,NA,NA
"21",2020-03-03,1,2,3,0,0,0,NA,0.333333333333333,1,2,3,0.333333333333333,NA,NA,NA
"22",2020-03-04,3,2,5,4,8,12,0.333333333333333,0.6,7,10,17,0.411764705882353,NA,NA,NA
"23",2020-03-05,5,5,10,2,5,7,0.285714285714286,0.5,7,10,17,0.411764705882353,NA,NA,NA
"24",2020-03-06,8,3,11,1,11,12,0.0833333333333333,0.727272727272727,9,14,23,0.391304347826087,NA,NA,NA
"25",2020-03-07,9,0,9,5,7,12,0.416666666666667,1,14,7,21,0.666666666666667,NA,NA,NA
"26",2020-03-08,4,6,10,9,3,12,0.75,0.4,13,9,22,0.590909090909091,0.486534692928555,0.651515151515151,NA
"27",2020-03-09,17,28,45,9,31,40,0.225,0.377777777777778,26,59,85,0.305882352941176,0.444517886205866,0.562626262626263,NA
"28",2020-03-10,15,57,72,5,30,35,0.142857142857143,0.208333333333333,20,87,107,0.186915887850467,0.423601108279742,0.54476911976912,0.319557823129252
"29",2020-03-11,24,101,125,8,53,61,0.131147540983607,0.192,32,154,186,0.172043010752688,0.389355151832647,0.486483405483406,0.290674138507862
"30",2020-03-12,21,240,261,18,74,92,0.195652173913043,0.0804597701149425,39,314,353,0.110481586402266,0.346314706192635,0.426549086928397,0.277808122536256
"31",2020-03-13,49,387,436,22,111,133,0.165413533834586,0.112385321100917,71,498,569,0.124780316344464,0.308239844552403,0.338708028903853,0.289533865465007
"32",2020-03-14,42,179,221,24,53,77,0.311688311688312,0.190045248868778,66,232,298,0.221476510067114,0.244641250752467,0.223000207313678,0.274536957610956
"33",2020-03-15,27,209,236,13,149,162,0.0802469135802469,0.114406779661017,40,358,398,0.100502512562814,0.17458316813157,0.182201175836681,0.178857945265277
"34",2020-03-16,27,413,440,21,190,211,0.0995260663507109,0.0613636363636364,48,603,651,0.0737327188940092,0.14141893469626,0.136999155634661,0.160933097601093
"35",2020-03-17,36,329,365,20,230,250,0.08,0.0986301369863014,56,559,615,0.0910569105691057,0.127724795084637,0.121327270442228,0.151953505764358
"36",2020-03-18,40,451,491,27,166,193,0.139896373056995,0.0814663951120163,67,617,684,0.097953216374269,0.117140538744863,0.10553675545823,0.153203338917699
"37",2020-03-19,31,344,375,18,140,158,0.113924050632911,0.0826666666666667,49,484,533,0.0919324577861163,0.11449066322827,0.10585202639419,0.141527892734823
"38",2020-03-20,38,328,366,29,125,154,0.188311688311688,0.103825136612022,67,453,520,0.128846153846154,0.115071497157083,0.104629142895777,0.144799057660123
"39",2020-03-21,29,237,266,18,153,171,0.105263157894737,0.109022556390977,47,390,437,0.107551487414188,0.0987964939209508,0.0930544725418053,0.115309749975327
"40",2020-03-22,37,349,386,26,139,165,0.157575757575758,0.0958549222797927,63,488,551,0.114337568058076,0.100772930420274,0.0904042072016304,0.126356727688971
"41",2020-03-23,73,820,893,52,400,452,0.115044247787611,0.0817469204927212,125,1220,1345,0.0929368029739777,0.103516371003127,0.0933161049343568,0.128573610751386
"42",2020-03-24,73,731,804,46,323,369,0.124661246612466,0.0907960199004975,119,1054,1173,0.101449275362319,0.105000994545014,0.0921969453506705,0.134953788838881
"43",2020-03-25,72,615,687,43,276,319,0.134796238244514,0.104803493449782,115,891,1006,0.114314115308151,0.107338265821283,0.0955308165417799,0.134225198151384
"44",2020-03-26,73,582,655,46,291,337,0.136498516320475,0.111450381679389,119,873,992,0.119959677419355,0.111342154340317,0.0996427758293117,0.137450121821036
"45",2020-03-27,64,706,770,46,277,323,0.142414860681115,0.0831168831168831,110,983,1093,0.10064043915828,0.107312766527764,0.0966844539014347,0.130893432159525
"46",2020-03-28,41,380,421,30,159,189,0.158730158730159,0.0973871733966746,71,539,610,0.116393442622951,0.108575902986158,0.09502225633082,0.138531575136014
"47",2020-03-29,24,231,255,18,103,121,0.148760330578512,0.0941176470588235,42,334,376,0.111702127659574,0.108199411500658,0.0947740741563958,0.137272228422122
"48",2020-03-30,79,697,776,42,271,313,0.134185303514377,0.10180412371134,121,968,1089,0.111111111111111,0.110795741234534,0.0976393889019128,0.140006664954517
"49",2020-03-31,59,611,670,37,222,259,0.142857142857143,0.0880597014925373,96,833,929,0.103336921420883,0.111065404957186,0.0972484862722042,0.142606078703756
"50",2020-04-01,54,554,608,37,271,308,0.12012987012987,0.0888157894736842,91,825,916,0.0993449781659389,0.108926956794013,0.0949645285613332,0.140510883258807
"51",2020-04-02,60,519,579,32,255,287,0.111498257839721,0.103626943005181,92,774,866,0.106235565819861,0.106966369422657,0.0938468944650178,0.136939417761557
"52",2020-04-03,49,537,586,24,242,266,0.0902255639097744,0.083617747440273,73,779,852,0.0856807511737089,0.104829271139147,0.0939184465112163,0.129483803937079
"53",2020-04-04,35,255,290,21,135,156,0.134615384615385,0.120689655172414,56,390,446,0.125560538116592,0.106138856209667,0.0972473724791791,0.126038836206397
"54",2020-04-05,42,207,249,6,95,101,0.0594059405940594,0.168674698795181,48,302,350,0.137142857142857,0.10977324613585,0.107898379870087,0.113273923351476
"55",2020-04-06,56,645,701,43,281,324,0.132716049382716,0.079885877318117,99,926,1025,0.0965853658536585,0.1076981396705,0.104767201813912,0.113064029904096
"56",2020-04-07,38,636,674,31,282,313,0.0990415335463259,0.056379821958457,69,918,987,0.0699088145896656,0.102922695837469,0.100241504737615,0.106804657145407
"57",2020-04-08,75,606,681,16,323,339,0.0471976401179941,0.110132158590308,91,929,1020,0.0892156862745098,0.101475654138693,0.103286700325704,0.0963857671437108
"58",2020-04-09,71,637,708,22,262,284,0.0774647887323944,0.100282485875706,93,899,992,0.09375,0.0996920018787131,0.102808920735779,0.0915238429855213
"59",2020-04-10,86,694,780,27,310,337,0.0801186943620178,0.11025641025641,113,1004,1117,0.101163831692032,0.101903870524188,0.106614443995228,0.0900800044786989
"60",2020-04-11,50,282,332,19,161,180,0.105555555555556,0.150602409638554,69,443,512,0.134765625,0.103218882936103,0.110887694633248,0.0859286003272948
"61",2020-04-12,24,241,265,12,121,133,0.0902255639097744,0.0905660377358491,36,362,398,0.0904522613065327,0.0965487978166284,0.0997293144819146,0.0903314036581112
"62",2020-04-13,47,615,662,20,302,322,0.062111801242236,0.0709969788519638,67,917,984,0.0680894308943089,0.0924779499652928,0.0984594718438927,0.0802450824951855
"63",2020-04-14,49,631,680,43,338,381,0.112860892388451,0.0720588235294118,92,969,1061,0.0867106503298775,0.0948782122138944,0.100699329211172,0.0822192766154891
"64",2020-04-15,38,540,578,32,280,312,0.102564102564103,0.0657439446366782,70,820,890,0.0786516853932584,0.0933690692308585,0.0943581557892248,0.0901287712506475
"65",2020-04-16,41,597,638,68,330,398,0.170854271356784,0.0642633228840125,109,927,1036,0.105212355212355,0.0950065485469093,0.0892125610761257,0.103470125911275
"66",2020-04-17,50,559,609,38,342,380,0.1,0.0821018062397373,88,901,989,0.0889787664307381,0.093265824938153,0.0851904747880295,0.106310312430986
"67",2020-04-18,21,346,367,21,143,164,0.128048780487805,0.0572207084468665,42,489,531,0.0790960451977401,0.0853130278235444,0.0718502317606456,0.10952363027845
"68",2020-04-19,21,211,232,20,132,152,0.131578947368421,0.0905172413793103,41,343,384,0.106770833333333,0.0876442523988017,0.0718432608525686,0.115431256486829
"69",2020-04-20,35,938,973,44,508,552,0.0797101449275362,0.0359712230215827,79,1446,1525,0.0518032786885246,0.0853176592265468,0.0668395814482285,0.117945305584729
"70",2020-04-21,41,1065,1106,32,640,672,0.0476190476190476,0.0370705244122966,73,1705,1778,0.0410573678290214,0.0787957617264245,0.0618412530029263,0.108625042046242
"71",2020-04-22,66,1332,1398,40,677,717,0.0557880055788006,0.0472103004291846,106,2009,2115,0.0501182033096927,0.0747195500002008,0.0591935895447129,0.101942742476913
"72",2020-04-23,23,1205,1228,38,720,758,0.050131926121372,0.0187296416938111,61,1925,1986,0.0307150050352467,0.064077071403471,0.0526887779461127,0.0846966931575689
"73",2020-04-24,42,1444,1486,49,707,756,0.0648148148148148,0.0282637954239569,91,2151,2242,0.0405887600356824,0.0571642133470345,0.0449976335438584,0.0796702381311139
"74",2020-04-25,37,683,720,20,305,325,0.0615384615384615,0.0513888888888889,57,988,1045,0.0545454545454545,0.0536569861109937,0.0441645164641473,0.0701687639954934
"75",2020-04-26,21,491,512,14,214,228,0.0614035087719298,0.041015625,35,705,740,0.0472972972972973,0.0451607666772742,0.0370928569813887,0.0601437013388518
"76",2020-04-27,48,1259,1307,41,699,740,0.0554054054054054,0.03672532517215,89,1958,2047,0.0434782608695652,0.0439714784174229,0.0372005858600411,0.0566715956928331
"77",2020-04-28,54,1446,1500,35,689,724,0.0483425414364641,0.036,89,2135,2224,0.0400179856115108,0.0438229952434928,0.0370476538011416,0.056774951952464
"78",2020-04-29,57,2186,2243,48,596,644,0.0745341614906832,0.0254123941150245,105,2782,2887,0.0363699341877381,0.0418589567974993,0.0339336671848331,0.0594529742255901
"79",2020-04-30,26,1332,1358,43,619,662,0.0649546827794562,0.0191458026509573,69,1951,2020,0.0341584158415842,0.0423508726269761,0.0339931187501397,0.0615705108910307
"80",2020-05-01,36,1862,1898,40,561,601,0.0665557404326123,0.0189673340358272,76,2423,2499,0.0304121648659464,0.0408970733170138,0.0326650528375497,0.0618192145507161
"81",2020-05-02,17,666,683,13,306,319,0.0407523510971787,0.0248901903367496,30,972,1002,0.029940119760479,0.0373820254905887,0.0288795244729584,0.0588497702019614
"82",2020-05-03,12,715,727,13,234,247,0.0526315789473684,0.0165061898211829,25,949,974,0.0256673511293634,0.0342920331808839,0.0253781765902702,0.0575966373698812
"83",2020-05-04,49,1634,1683,55,569,624,0.0881410256410256,0.0291146761734997,104,2203,2307,0.0450801907238838,0.0345208803029294,0.0242909410190345,0.0622731545463984
"84",2020-05-05,35,1549,1584,36,764,800,0.045,0.0220959595959596,71,2313,2384,0.0297818791946309,0.0330585793862323,0.022304649532743,0.0617956486269035
"85",2020-05-06,48,1840,1888,51,776,827,0.0616686819830713,0.0254237288135593,99,2616,2715,0.0364640883977901,0.0330720299876683,0.0223062687753908,0.0599577229829589
"86",2020-05-07,34,1998,2032,46,864,910,0.0505494505494506,0.0167322834645669,80,2862,2942,0.0271923861318831,0.0320768828862824,0.0219614803201922,0.0578998326643867
"87",2020-05-08,37,1995,2032,30,1140,1170,0.0256410256410256,0.0182086614173228,67,3135,3202,0.0209244222361024,0.030721491082019,0.0218530985175487,0.0520548734084457
"88",2020-05-09,30,641,671,17,348,365,0.0465753424657534,0.0447093889716841,47,989,1036,0.0453667953667954,0.0329253018829213,0.0246844126082536,0.0528867293182421
"89",2020-05-10,4,425,429,16,251,267,0.0599250936329588,0.00932400932400932,20,676,696,0.028735632183908,0.0333636277478562,0.0236583868229431,0.0539286599876122
"90",2020-05-11,37,2032,2069,49,846,895,0.0547486033519553,0.0178830352827453,86,2878,2964,0.0290148448043185,0.0310685783307755,0.0220538666956925,0.0491583139463164
"91",2020-05-12,28,1730,1758,38,879,917,0.0414394765539804,0.0159271899886234,66,2609,2675,0.0246728971962617,0.0303387237595799,0.0211726138946445,0.0486496677397422
"92",2020-05-13,37,1984,2021,36,766,802,0.0448877805486284,0.0183077684314696,73,2750,2823,0.0258590152320227,0.0288237133073274,0.0201560481257745,0.0462523961062504
"93",2020-05-14,27,1681,1708,49,979,1028,0.0476653696498054,0.015807962529274,76,2660,2736,0.0277777777777778,0.0289073406853124,0.0200240022778755,0.0458403845491582
"94",2020-05-15,26,1847,1873,57,1235,1292,0.0441176470588235,0.0138814735718099,83,3082,3165,0.0262243285939968,0.0296644701650116,0.0194058325856594,0.0484799018945579
"95",2020-05-16,20,630,650,11,332,343,0.032069970845481,0.0307692307692308,31,962,993,0.0312185297079557,0.0276432893566059,0.0174143814138803,0.0464077059488047
"96",2020-05-17,9,573,582,26,230,256,0.1015625,0.0154639175257732,35,803,838,0.0417661097852029,0.0295047861567909,0.0182915111569895,0.052355906858382
"97",2020-05-18,48,2379,2427,55,1549,1604,0.0342892768079801,0.0197775030902349,103,3928,4031,0.0255519722153312,0.0290100900726498,0.0185621494152023,0.0494331459235284
"98",2020-05-19,53,2659,2712,66,1383,1449,0.0455486542443064,0.0195427728613569,119,4042,4161,0.0285988944965153,0.0295709468298289,0.0190786612541642,0.0500201713078607
"99",2020-05-20,46,2663,2709,63,1098,1161,0.0542635658914729,0.0169804355850867,109,3761,3870,0.0281653746770026,0.0299004267505403,0.0188890422761095,0.0513595692139813
"100",2020-05-21,26,2942,2968,114,1322,1436,0.0793871866295265,0.00876010781671159,140,4264,4404,0.0317892824704814,0.030473498849498,0.0178822058886006,0.0558912573539415
"101",2020-05-22,35,3173,3208,62,1405,1467,0.0422631220177232,0.0109102244389027,97,4578,4675,0.0207486631016043,0.0296912609220133,0.0174577417267567,0.0556263252052129
"102",2020-05-23,17,1176,1193,24,638,662,0.0362537764350453,0.0142497904442582,41,1814,1855,0.0221024258760108,0.0283889603745926,0.015097821680332,0.0562240117180078
"103",2020-05-24,3,647,650,27,404,431,0.0626450116009281,0.00461538461538462,30,1051,1081,0.0277520814061055,0.0263869563204358,0.0135480312645622,0.0506643705181404
"104",2020-05-25,14,1073,1087,21,349,370,0.0567567567567568,0.0128794848206072,35,1422,1457,0.0240219629375429,0.0261683835664661,0.0125626000831869,0.0538740105108227
"105",2020-05-26,43,3276,3319,61,1482,1543,0.0395333765392093,0.0129557095510696,104,4758,4862,0.0213903743315508,0.0251385949714712,0.0116215910388601,0.0530146851243803
"106",2020-05-27,53,3866,3919,49,1403,1452,0.0337465564738292,0.0135238581270732,102,5269,5371,0.0189908769316701,0.0238279524364237,0.0111277942591439,0.0500836837790026
"107",2020-05-28,32,3124,3156,56,1350,1406,0.0398293029871977,0.0101394169835234,88,4474,4562,0.0192897851819377,0.0220423099666317,0.0113248384258313,0.0444325575443842
"108",2020-05-29,53,3656,3709,51,1392,1443,0.0353430353430353,0.0142895659207334,104,5048,5152,0.0201863354037267,0.0219619774383635,0.0118076014946642,0.0434439737337145
"109",2020-05-30,18,1405,1423,27,853,880,0.0306818181818182,0.0126493323963457,45,2258,2303,0.0195397307859314,0.0215958781397807,0.0115789646306767,0.0426479796975392
"110",2020-05-31,14,861,875,18,551,569,0.031634446397188,0.016,32,1412,1444,0.0221606648199446,0.0207971043417577,0.0132053382570504,0.0382178989541478
"111",2020-06-01,37,2807,2844,60,1878,1938,0.0309597523219814,0.0130098452883263,97,4685,4782,0.020284399832706,0.0202631667553525,0.0132239611810102,0.0345326126063227
"112",2020-06-02,34,3164,3198,65,1489,1554,0.0418275418275418,0.0106316447779862,99,4653,4752,0.0208333333333333,0.0201835894698928,0.0128919519277126,0.0348603505046559
"113",2020-06-03,56,2601,2657,51,1236,1287,0.0396270396270396,0.0210764019570945,107,3837,3944,0.0271298174442191,0.0213462952573998,0.0139708867605728,0.0357004195265431
"114",2020-06-04,43,3250,3293,50,1278,1328,0.0376506024096386,0.0130580018220468,93,4528,4621,0.0201255139580177,0.0214656850825541,0.0143878274517904,0.0353891765868918
"115",2020-06-05,41,2995,3036,41,1738,1779,0.0230466554243957,0.0135046113306983,82,4733,4815,0.0170301142263759,0.0210147963429326,0.0142756910817854,0.033632550884229
"116",2020-06-06,16,1626,1642,25,967,992,0.0252016129032258,0.0097442143727162,41,2593,2634,0.0155656795747912,0.0204470747413411,0.0138606742212669,0.0328496644158587
"117",2020-06-07,21,1079,1100,18,521,539,0.0333951762523191,0.0190909090909091,39,1600,1639,0.0237949969493594,0.0206805507598289,0.0143022326628253,0.033101197252306
"118",2020-06-08,48,3215,3263,43,1637,1680,0.0255952380952381,0.0147103892123812,91,4852,4943,0.0184098725470362,0.0204127611475904,0.0145451675091189,0.032334838077057
"119",2020-06-09,48,3749,3797,51,1658,1709,0.0298420128730252,0.0126415591256255,99,5407,5506,0.0179803850345078,0.020005197104901,0.0148322981302102,0.0306226196549832
"120",2020-06-10,72,4035,4107,42,1580,1622,0.0258939580764488,0.0175310445580716,114,5615,5729,0.0198987606912201,0.0189721889973298,0.0143258185017784,0.0286607508620416
"121",2020-06-11,55,4225,4280,48,1971,2019,0.0237741456166419,0.0128504672897196,103,6196,6299,0.0163518018733132,0.0184330872709434,0.0142961707114459,0.0266783998916135
"122",2020-06-12,71,4545,4616,45,1578,1623,0.0277264325323475,0.0153812824956672,116,6123,6239,0.0185927231928194,0.0186563171232925,0.0145642665921558,0.0273469394784638
"123",2020-06-13,23,1614,1637,32,992,1024,0.03125,0.0140500916310324,55,2606,2661,0.0206689214580985,0.0193853516780506,0.0151793919147724,0.0282109947780029
"124",2020-06-14,14,1276,1290,15,559,574,0.0261324041811847,0.0108527131782946,29,1835,1864,0.0155579399141631,0.0182086292444512,0.0140025067843989,0.027173455910698
"125",2020-06-15,67,3679,3746,52,2163,2215,0.0234762979683973,0.0178857447944474,119,5842,5961,0.0199630934406979,0.0184305179435457,0.0144561290104083,0.0268707501782922
"126",2020-06-16,98,5838,5936,63,1868,1931,0.0326255825996893,0.0165094339622642,161,7706,7867,0.0204652345239608,0.018785496442039,0.0150086825584996,0.0272684029963871
"127",2020-06-17,103,5807,5910,72,1796,1868,0.0385438972162741,0.0174280879864636,175,7603,7778,0.022499357161224,0.0191570102234681,0.0149939744768413,0.0290755371592193
"128",2020-06-18,110,6052,6162,81,1808,1889,0.0428798305982001,0.017851346965271,191,7860,8051,0.0237237610234753,0.0202101472449198,0.0157083858590629,0.0318049207280133
"129",2020-06-19,113,5314,5427,58,2035,2093,0.0277114190157668,0.0208218168417173,171,7349,7520,0.0227393617021277,0.020802524174821,0.0164856050513558,0.0318027759399303
"130",2020-06-20,56,2345,2401,31,648,679,0.0456553755522828,0.0233236151603499,87,2993,3080,0.0282467532467532,0.0218850715732003,0.0178103941269726,0.0338606867331136
"131",2020-06-21,41,1000,1041,34,515,549,0.0619307832422587,0.0393852065321806,75,1515,1590,0.0471698113207547,0.0264010532027134,0.0218864646060991,0.0389747408846956
"132",2020-06-22,112,4344,4456,55,2295,2350,0.0234042553191489,0.0251346499102334,167,6639,6806,0.0245371730825742,0.0270544931515529,0.0229220224797829,0.0389644490776601
"133",2020-06-23,190,6732,6922,102,2054,2156,0.0473098330241187,0.027448714244438,292,8786,9078,0.0321656752588676,0.028725984685111,0.0244847768058077,0.0410621991382929
"134",2020-06-24,163,6401,6564,70,1967,2037,0.0343642611683849,0.0248324192565509,233,8368,8601,0.0270898732705499,0.029381772700729,0.0255425384158202,0.0404651082743087
"135",2020-06-25,141,7775,7916,128,2175,2303,0.0555796786799826,0.0178120262758969,269,9950,10219,0.0263235150210392,0.0297531661289524,0.025536921174481,0.0422793722859919
"136",2020-06-26,149,7614,7763,100,2514,2614,0.0382555470543229,0.0191936107175061,249,10128,10377,0.0239953743856606,0.0299325965123142,0.0253043202995937,0.0437856762914999
"137",2020-06-27,123,3480,3603,42,872,914,0.0459518599562363,0.0341382181515404,165,4352,4517,0.0365286694708878,0.0311157274014763,0.0268492635840495,0.0438280312063504
"138",2020-06-28,75,1579,1654,48,890,938,0.0511727078891258,0.0453446191051995,123,2469,2592,0.0474537037037037,0.0311562834561833,0.0277006082373379,0.04229116329876
"139",2020-06-29,139,5804,5943,78,3009,3087,0.0252672497570457,0.0233888608446912,217,8813,9030,0.024031007751938,0.0310839741232353,0.0274512097994033,0.0425573053613167
"140",2020-06-30,217,7943,8160,93,2595,2688,0.0345982142857143,0.026593137254902,310,10538,10848,0.0285766961651917,0.0305712628241387,0.0273289845151839,0.0407413598272589
"141",2020-07-01,208,7880,8088,85,2914,2999,0.0283427809269757,0.0257171117705242,293,10794,11087,0.0264273473437359,0.0304766162631653,0.0274553691600372,0.0398811483642005
"142",2020-07-02,208,7329,7537,91,2446,2537,0.0358691367757194,0.0275971872097652,299,9775,10074,0.0296803652968037,0.0309561663025602,0.0288532492934469,0.0370653566635914
"143",2020-07-03,95,3030,3125,68,1614,1682,0.0404280618311534,0.0304,163,4644,4807,0.0339088828791346,0.0323723818016279,0.0304541620480889,0.0373757159174244
"144",2020-07-04,49,1151,1200,37,660,697,0.0530846484935438,0.0408333333333333,86,1811,1897,0.0453347390616763,0.0336303917431691,0.0314106070740593,0.0383946857084683
"145",2020-07-05,106,1863,1969,55,733,788,0.0697969543147208,0.0538344337227019,161,2596,2757,0.0583968081247733,0.0351936923747505,0.0326234377337025,0.0410552923406962
"146",2020-07-06,258,6763,7021,73,2953,3026,0.0241242564441507,0.0367469021506908,331,9716,10047,0.0329451577585349,0.0364671423756929,0.0345317293488453,0.0408920075817112
"147",2020-07-07,300,8429,8729,97,2698,2795,0.0347048300536673,0.0343681979608203,397,11127,11524,0.0344498438042346,0.0373061634669848,0.0356424523068337,0.0409072384057044
"148",2020-07-08,313,8055,8368,133,3046,3179,0.0418370556778861,0.0374043977055449,446,11101,11547,0.0386247510175803,0.0390486497061054,0.0373120645832652,0.0428349919415488
"149",2020-07-09,304,8303,8607,127,2804,2931,0.0433299215284886,0.0353200883002208,431,11107,11538,0.0373548275264344,0.0401450014531955,0.038415336167616,0.0439008183348015
"150",2020-07-10,267,8146,8413,139,2493,2632,0.0528115501519757,0.0317365981219541,406,10639,11045,0.0367587143503848,0.0405521202348027,0.0386062787564666,0.045669888094919
"151",2020-07-11,198,3643,3841,78,1202,1280,0.0609375,0.0515490757615204,276,4845,5121,0.0538957234915056,0.0417751180104926,0.0401370991033504,0.0467917240244127
"152",2020-07-12,131,2227,2358,59,916,975,0.0605128205128205,0.0555555555555556,190,3143,3333,0.057005700570057,0.0415763883598188,0.040382973650901,0.0454654191955698
"153",2020-07-13,232,7048,7280,125,3179,3304,0.0378329297820823,0.0318681318681319,357,10227,10584,0.0337301587301587,0.0416885313557651,0.0396860064676783,0.0474238011009886
"154",2020-07-14,369,8989,9358,157,2640,2797,0.0561315695387916,0.0394315024577901,526,11629,12155,0.0432743726861374,0.042949178338894,0.0404093356815311,0.0504847638845778
"155",2020-07-15,397,9492,9889,136,2972,3108,0.0437580437580438,0.0401456163413894,533,12464,12997,0.0410094637223975,0.0432898515824393,0.0408009383437946,0.0507591907531718
"156",2020-07-16,350,7958,8308,154,3010,3164,0.0486725663716814,0.0421280693307655,504,10968,11472,0.0439330543933054,0.0442295982777066,0.0417735070624439,0.0515224257307708
"157",2020-07-17,312,7829,8141,137,2361,2498,0.0548438751000801,0.0383245301560005,449,10190,10639,0.0422032145878372,0.0450073840259141,0.0427146402101648,0.0518127578662142
"158",2020-07-18,173,3602,3775,94,1276,1370,0.0686131386861314,0.0458278145695364,267,4878,5145,0.0518950437317784,0.0447215726316674,0.0418973171827385,0.0529092776785187
"159",2020-07-19,92,1658,1750,65,890,955,0.0680628272251309,0.0525714285714286,157,2548,2705,0.0580406654343808,0.0448694247551422,0.0414710133278632,0.0539878500659916
"160",2020-07-20,221,5844,6065,138,2445,2583,0.0534262485481998,0.0364385820280297,359,8289,8648,0.0415124884366327,0.0459811861417814,0.0421239347792772,0.0562154670325799
"161",2020-07-21,294,7263,7557,132,2315,2447,0.0539436044135676,0.0389043271139341,426,9578,10004,0.0425829668132747,0.0458824138742295,0.0420486240158692,0.0559029005861193
"162",2020-07-22,273,7765,8038,121,2161,2282,0.0530236634531113,0.033963672555362,394,9926,10320,0.0381782945736434,0.0454779611386932,0.0411654891892938,0.0572265605425575
"163",2020-07-23,286,6443,6729,113,2319,2432,0.0464638157894737,0.0425026006836083,399,8762,9161,0.0435541971400502,0.0454238386739425,0.0412189936682714,0.0569110247450993
"164",2020-07-24,229,5763,5992,125,1935,2060,0.0606796116504854,0.0382176234979973,354,7698,8052,0.0439642324888227,0.0456754126597976,0.0412037212885566,0.0577447013951572
"165",2020-07-25,107,2630,2737,76,963,1039,0.0731472569778633,0.0390938984289368,183,3593,3776,0.0484639830508475,0.0451852611339503,0.040241733268471,0.0583924325796903
"166",2020-07-26,89,2026,2115,58,848,906,0.0640176600441501,0.042080378250591,147,2874,3021,0.0486593843098312,0.0438450781161575,0.0387430117940656,0.0578145515538359
"167",2020-07-27,200,5873,6073,143,2592,2735,0.0522851919561243,0.032932652725177,343,8465,8808,0.0389418710263397,0.0434778470575442,0.0382421647508009,0.0576515434692537
"168",2020-07-28,318,8575,8893,137,2550,2687,0.0509862299962784,0.0357584617114585,455,11125,11580,0.0392918825561313,0.0430076921636666,0.0377927554075901,0.0572290614096409
"169",2020-07-29,306,7731,8037,109,2951,3060,0.0356209150326797,0.038073908174692,415,10682,11097,0.0373974948184194,0.0428961493414917,0.0383799319246373,0.0547429544924364
"170",2020-07-30,272,7542,7814,128,2526,2654,0.0482290881688018,0.0348093166112106,400,10068,10468,0.0382116927779901,0.042132934432626,0.0372808913428662,0.0549951362609119
"171",2020-07-31,286,7451,7737,140,2672,2812,0.0497866287339972,0.036965232002068,426,10123,10549,0.040382974689544,0.0416213261755862,0.0371019782720191,0.0534389958442707
"172",2020-08-01,191,3792,3983,69,1236,1305,0.0528735632183908,0.0479538036655787,260,5028,5288,0.0491679273827534,0.0417218896515727,0.0383676790201108,0.0505427538786318
"173",2020-08-02,94,2309,2403,34,835,869,0.0391254315304948,0.0391177694548481,128,3144,3272,0.039119804400978,0.0403590925217365,0.0379444491921476,0.0469867212338239
"174",2020-08-03,188,6184,6372,128,2420,2548,0.0502354788069074,0.029504080351538,316,8604,8920,0.0354260089686099,0.0398568265134894,0.0374546531387706,0.04669390506965
"175",2020-08-04,295,7636,7931,96,2300,2396,0.0400667779632721,0.037195813894843,391,9936,10327,0.0378619153674833,0.0396525454865397,0.0376599891649684,0.0451339833506491
"176",2020-08-05,335,7063,7398,104,2456,2560,0.040625,0.0452825087861584,439,9519,9958,0.0440851576621812,0.0406079258927914,0.0386897892523207,0.0458488526316949
"177",2020-08-06,256,6998,7254,121,2250,2371,0.0510333192745677,0.0352908740005514,377,9248,9625,0.0391688311688312,0.0407446599486258,0.0387585831650837,0.0462494570753757
"178",2020-08-07,252,7064,7316,134,2465,2599,0.0515582916506349,0.0344450519409513,386,9529,9915,0.0389309127584468,0.0405372225298977,0.038398557442067,0.0465025517777525
"179",2020-08-08,222,3497,3719,63,1122,1185,0.0531645569620253,0.05969346598548,285,4619,4904,0.058115823817292,0.0418154934491175,0.0400756520591957,0.0465441223125575
"180",2020-08-09,108,1922,2030,60,786,846,0.0709219858156028,0.0532019704433498,168,2708,2876,0.0584144645340751,0.0445718734681313,0.0420876807718388,0.05108648721043
"181",2020-08-10,231,7331,7562,131,2334,2465,0.0531440162271805,0.0305474742131711,362,9665,10027,0.036102523187394,0.0446685183565291,0.0422367370377864,0.0515019925561833
"182",2020-08-11,341,7958,8299,114,2405,2519,0.0452560539896784,0.041089287866008,455,10363,10818,0.0420595304122758,0.0452681776486423,0.0427929476050957,0.0522433177028128
"183",2020-08-12,290,8558,8848,128,2598,2726,0.0469552457813646,0.0327757685352622,418,11156,11574,0.0361154311387593,0.0441296452881535,0.0410062704263962,0.053147638528722
"184",2020-08-13,258,7907,8165,108,2381,2489,0.0433909200482121,0.0315982853643601,366,10288,10654,0.034353294537263,0.0434417114836437,0.0404787577640832,0.0520558672106712
"185",2020-08-14,266,7436,7702,96,2228,2324,0.0413080895008606,0.034536484030122,362,9664,10026,0.0361061240773988,0.043038170243494,0.0404918194911076,0.0505915526178463
"186",2020-08-15,167,3606,3773,65,1147,1212,0.0536303630363036,0.0442618605883912,232,4753,4985,0.0465396188565697,0.0413844266776765,0.0382873044343806,0.0506580963427432
"187",2020-08-16,75,1726,1801,38,780,818,0.0464547677261614,0.0416435313714603,113,2506,2619,0.0431462390225277,0.0392032516045983,0.0366360988526821,0.047162779472823
"188",2020-08-17,189,6516,6705,72,2657,2729,0.026383290582631,0.0281879194630872,261,9173,9434,0.0276658893364427,0.0379980181973196,0.0362990196026701,0.0433398186664588
"189",2020-08-18,291,7773,8064,83,2521,2604,0.0318740399385561,0.0360863095238095,374,10294,10668,0.0350581177352831,0.0369978163863206,0.0355843084109275,0.0414281023734413
"190",2020-08-19,192,7030,7222,80,2449,2529,0.0316330565440886,0.0265854333979507,272,9479,9751,0.0278945749153933,0.0358234083544112,0.034699974819883,0.0392392181966876
"191",2020-08-20,174,6478,6652,81,2275,2356,0.0343803056027165,0.0261575466025256,255,8753,9008,0.0283081705150977,0.0349598192083876,0.0339227264253352,0.0379519875616168
"192",2020-08-21,188,6810,6998,93,2072,2165,0.0429561200923788,0.026864818519577,281,8882,9163,0.0306668121794172,0.034182774651533,0.0328267742095431,0.0381874205032623
"193",2020-08-22,152,3630,3782,41,1027,1068,0.0383895131086142,0.0401903754627181,193,4657,4850,0.0397938144329897,0.0332190883053073,0.0322451334773041,0.0360101562278781
"194",2020-08-23,72,1693,1765,43,690,733,0.0586630286493861,0.0407932011331445,115,2383,2498,0.0460368294635709,0.0336320297968849,0.0321236577289732,0.0377541935026245
"195",2020-08-24,168,6389,6557,105,2443,2548,0.0412087912087912,0.025621473234711,273,8832,9105,0.0299835255354201,0.0339631206824531,0.0317570225534909,0.0398721221635045
"196",2020-08-25,321,7764,8085,98,2299,2397,0.0408844388819358,0.0397031539888683,419,10063,10482,0.0399732875405457,0.0346652877974906,0.0322737146199279,0.0411593220125587
"197",2020-08-26,259,7629,7888,109,2908,3017,0.0361286045740802,0.0328346855983773,368,10537,10905,0.0337459880788629,0.0355012039637006,0.0331664649342745,0.0418015431597004
"198",2020-08-27,221,7247,7468,79,2344,2423,0.0326042096574494,0.0295929298339582,300,9591,9891,0.0303306035790112,0.0357901229728311,0.0336572339673363,0.0415478151675194
"199",2020-08-28,216,7334,7550,124,2188,2312,0.0536332179930796,0.0286092715231788,340,9522,9862,0.0344757655647942,0.0363342591707421,0.0339064415392795,0.0430731148676195
"200",2020-08-29,155,3631,3786,55,1085,1140,0.0482456140350877,0.0409403063919704,210,4716,4926,0.0426309378806334,0.0367395625204055,0.0340135745291726,0.0444811292856871
"201",2020-08-30,57,1892,1949,33,751,784,0.0420918367346939,0.0292457670600308,90,2643,2733,0.0329308452250274,0.0348672790577564,0.0323639410901564,0.0421138161550168
"202",2020-08-31,161,6473,6634,95,2799,2894,0.0328265376641327,0.0242689176967139,256,9272,9528,0.0268681780016793,0.0344222294100791,0.0321707188704425,0.0409163513629228
"203",2020-09-01,245,8164,8409,103,2504,2607,0.0395090141925585,0.0291354501129742,348,10668,11016,0.0315904139433551,0.0332246760390519,0.0306610468881719,0.0407198621215831
"204",2020-09-02,262,7981,8243,123,2740,2863,0.0429619280475026,0.0317845444619677,385,10721,11106,0.0346659463353142,0.0333560986471164,0.0305110267258277,0.0416960511892149
"205",2020-09-03,182,7566,7748,86,2553,2639,0.0325881015536188,0.023489932885906,268,10119,10387,0.0258014826225089,0.0327090813676161,0.0296391700189631,0.0416937500315248
"206",2020-09-04,189,7102,7291,111,2482,2593,0.0428075588121867,0.0259223700452613,300,9584,9884,0.0303520841764468,0.0321199840264236,0.0292553269506892,0.0401472272913973
"207",2020-09-05,95,3382,3477,49,1193,1242,0.0394524959742351,0.0273224043715847,144,4575,4719,0.0305149396058487,0.0303891271300258,0.0273099123763484,0.0388910675684183
"208",2020-09-06,50,1916,1966,35,753,788,0.0444162436548223,0.0254323499491353,85,2669,2754,0.0308641975308642,0.0300938917451453,0.0267651385033633,0.0392231256998652
"209",2020-09-07,48,1952,2000,54,933,987,0.0547112462006079,0.024,102,2885,2987,0.0341479745564111,0.0311338626815356,0.026726721689547,0.0423495126336474
"210",2020-09-08,200,11261,11461,107,3143,3250,0.0329230769230769,0.017450484250938,307,14404,14711,0.0208687376792876,0.0296021946438116,0.0250574408521133,0.0414086644522929
"211",2020-09-09,224,9341,9565,109,3233,3342,0.0326152004787552,0.0234187140616832,333,12574,12907,0.0257999535135973,0.0283356242407092,0.0238623222235012,0.0399305605139004
"212",2020-09-10,172,8163,8335,108,2996,3104,0.0347938144329897,0.0206358728254349,280,11159,11439,0.02447766413148,0.0281465073134194,0.0234545993577196,0.0402456623538105
"213",2020-09-11,148,8089,8237,71,2221,2292,0.030977312390925,0.0179677066893286,219,10310,10529,0.0207996960775002,0.0267818804421413,0.0223182188783007,0.0385556271507732
"214",2020-09-12,94,3477,3571,45,1071,1116,0.0403225806451613,0.0263231587790535,139,4548,4687,0.0296564966929806,0.026659245740303,0.0221754695079391,0.0386799249609055
"215",2020-09-13,33,1838,1871,33,814,847,0.038961038961039,0.0176376269374666,66,2652,2718,0.0242825607064018,0.0257190119082369,0.0210619376491293,0.0379006100046507
"216",2020-09-14,137,6763,6900,82,2437,2519,0.0325526002381898,0.0198550724637681,219,9200,9419,0.0232508758891602,0.0241622835272011,0.0204698051439533,0.0347350891528767
"217",2020-09-15,242,9624,9866,109,3556,3665,0.0297407912687585,0.0245286843705656,351,13180,13531,0.025940433079595,0.0248868114415307,0.0214809765896144,0.0342804769165455
"218",2020-09-16,160,8202,8362,78,3106,3184,0.0244974874371859,0.0191341784262138,238,11308,11546,0.0206131993764074,0.0241458465647893,0.0208689000702616,0.0331208036248927
"219",2020-09-17,209,8446,8655,94,2843,2937,0.0320054477357848,0.0241478913922588,303,11289,11592,0.0261387163561077,0.0243831397397361,0.0213706170083793,0.032722465525292
"220",2020-09-18,149,8385,8534,62,2320,2382,0.0260285474391268,0.0174595734708226,211,10705,10916,0.0193294246976915,0.024173100971192,0.0212980265485927,0.0320154991036066
"221",2020-09-19,87,3762,3849,48,1924,1972,0.0243407707910751,0.0226032735775526,135,5686,5821,0.0231918914275898,0.023249585933279,0.0207666143769497,0.0297323834101657
"222",2020-09-20,50,2060,2110,19,815,834,0.0227817745803357,0.023696682464455,69,2875,2944,0.0234375,0.0231288629752216,0.0216321937379481,0.0274210599272081
"223",2020-09-21,130,8168,8298,85,3455,3540,0.0240112994350282,0.0156664256447337,215,11623,11838,0.0181618516641325,0.0224018595145034,0.0210338156209432,0.026200874098185
"224",2020-09-22,157,9673,9830,72,3015,3087,0.0233236151603499,0.015971515768057,229,12688,12917,0.0177285747464582,0.0212287368954838,0.0198113629634419,0.0252841346541266
"225",2020-09-23,161,9859,10020,71,3410,3481,0.0203964378052284,0.0160678642714571,232,13269,13501,0.0171839123027924,0.0207388387421103,0.019373318084191,0.0246982704209898
"226",2020-09-24,131,8577,8708,44,3018,3062,0.0143696930111039,0.0150436380339917,175,11595,11770,0.0148683092608326,0.0191287805856424,0.0180727104615814,0.0221788768888926
"227",2020-09-25,105,7956,8061,85,2843,2928,0.0290300546448087,0.0130256791961295,190,10799,10989,0.0172900172900173,0.0188374366702604,0.0174392969937681,0.0226076636325614
"228",2020-09-26,72,3754,3826,52,1770,1822,0.0285400658616905,0.0188186095138526,124,5524,5648,0.0219546742209632,0.018660691355028,0.0168986306989538,0.0232075629283636
"229",2020-09-27,51,2204,2255,22,893,915,0.0240437158469945,0.0226164079822616,73,3097,3170,0.0230283911671924,0.0186022472360555,0.0167443057729262,0.023387840252172
"230",2020-09-28,88,7879,7967,86,3315,3401,0.0252866803881211,0.011045562947157,174,11194,11368,0.0153061224489796,0.0181942859196051,0.0160841825304152,0.0235700375311853
"231",2020-09-29,167,9875,10042,77,3911,3988,0.0193079237713139,0.0166301533559052,244,13786,14030,0.0173913043478261,0.0181461044340862,0.0161782736143935,0.0229963673327516
"232",2020-09-30,135,9942,10077,88,3927,4015,0.0219178082191781,0.0133968442988985,223,13869,14092,0.0158245813227363,0.0179519142940782,0.0157966993325995,0.0232137059633158
"233",2020-10-01,136,7708,7844,59,3065,3124,0.0188860435339309,0.0173380928097909,195,10773,10968,0.0177789934354486,0.0183677263190234,0.0161244785862851,0.0238588988951482
"234",2020-10-02,133,8576,8709,65,3047,3112,0.0208868894601542,0.0152715581582271,198,11623,11821,0.0167498519583792,0.018290559843075,0.0164453184380133,0.0226955895830547
"235",2020-10-03,77,4326,4403,44,1840,1884,0.0233545647558386,0.0174880763116057,121,6166,6287,0.019246063305233,0.0179036154265422,0.0162552422662637,0.0219548037107902
"236",2020-10-04,49,2534,2583,21,868,889,0.0236220472440945,0.018970189701897,70,3402,3472,0.0201612903225806,0.0174940295915976,0.0157343539404974,0.0218945653389473
"237",2020-10-05,99,9216,9315,84,3735,3819,0.0219952867242734,0.0106280193236715,183,12951,13134,0.0139333028780265,0.0172979125100329,0.015674704851428,0.0214243662441119
"238",2020-10-06,159,11523,11682,79,4900,4979,0.0158666398875276,0.0136106831022085,238,16423,16661,0.0142848568513295,0.0168541342962477,0.0152433519580428,0.0209327542607139
"239",2020-10-07,145,10714,10859,52,4087,4139,0.0125634211162116,0.013352979095681,197,14801,14998,0.0131350846779571,0.0164699204898506,0.0152370855004403,0.0195964132460044
"240",2020-10-08,140,9519,9659,63,3826,3889,0.0161995371560813,0.0144942540635677,203,13345,13548,0.0149837614408031,0.0160706016334727,0.0148308228224084,0.0192126266205973
"241",2020-10-09,132,8946,9078,42,3635,3677,0.011422355180854,0.0145406477197621,174,12581,12755,0.0136417091336731,0.0156265812299433,0.0147264070454848,0.017860550294983
"242",2020-10-10,96,4302,4398,31,1992,2023,0.0153237765694513,0.0218281036834925,127,6294,6421,0.0197788506463168,0.0157026937072409,0.0153464109557543,0.0167132948397848
"243",2020-10-11,45,2624,2669,30,1015,1045,0.0287081339712919,0.0168602472836268,75,3639,3714,0.0201938610662359,0.0157073466706203,0.0150449906102872,0.0174398786579559
"244",2020-10-12,130,8375,8505,39,3232,3271,0.0119229593396515,0.0152851263962375,169,11607,11776,0.014351222826087,0.0157670495203432,0.0157102916206537,0.016000974745867
"245",2020-10-13,162,12010,12172,77,5126,5203,0.0147991543340381,0.0133092343082484,239,17136,17375,0.0137553956834532,0.0156914122106466,0.0156672275072309,0.0158484768096542
"246",2020-10-14,145,11641,11786,66,4217,4283,0.0154097595143591,0.0123027320549805,211,15858,16069,0.0131308731097144,0.0156908105580405,0.0155171922157022,0.0162550965808182
"247",2020-10-15,176,11065,11241,66,4310,4376,0.0150822669104205,0.0156569700204608,242,15375,15617,0.0154959339181661,0.0157639780548066,0.0156832944952584,0.0160954865457238
"248",2020-10-16,120,10262,10382,52,4120,4172,0.012464046021093,0.0115584665767675,172,14382,14554,0.0118180568915762,0.0155034563059356,0.0152572686176877,0.0162442995229008
"249",2020-10-17,85,4869,4954,35,2562,2597,0.0134770889487871,0.0171578522406136,120,7431,7551,0.0158919348430671,0.0149481826197571,0.0145900898401336,0.015980487005663
"250",2020-10-18,43,2728,2771,14,1006,1020,0.0137254901960784,0.0155178635871527,57,3734,3791,0.0150356106568188,0.0142112897041261,0.0143983207406373,0.0138401093234897
"251",2020-10-19,129,10928,11057,62,4245,4307,0.0143951706524263,0.0116668174007416,191,15173,15364,0.0124316584222859,0.0139370662178688,0.0138814194555664,0.0141932823681718
"252",2020-10-20,221,12765,12986,95,5856,5951,0.0159637035792304,0.0170183274295395,316,18621,18937,0.0166869092253261,0.0143558538667078,0.0144112899014652,0.0143596465460564
"253",2020-10-21,161,11565,11726,60,5095,5155,0.011639185257032,0.0137301722667576,221,16660,16881,0.013091641490433,0.0143502493496676,0.014615209931719,0.013820993080724
"254",2020-10-22,139,10836,10975,66,4693,4759,0.0138684597604539,0.0126651480637813,205,15529,15734,0.013029108936062,0.0139978457807956,0.0141878067950506,0.0136475920593002
"255",2020-10-23,160,10517,10677,73,4009,4082,0.0178833904948555,0.0149854828135244,233,14526,14759,0.0157869774374958,0.0145648344302127,0.0146773805431587,0.0144217841269805
"256",2020-10-24,71,4677,4748,57,2085,2142,0.0266106442577031,0.0149536647009267,128,6762,6890,0.018577648766328,0.0149485078478214,0.0143624966089177,0.0162980063139685
"257",2020-10-25,60,2505,2565,21,1069,1090,0.0192660550458716,0.0233918128654971,81,3574,3655,0.0221614227086183,0.0159664809980784,0.015487346505824,0.0170895155782247
"258",2020-10-26,154,11723,11877,50,4209,4259,0.0117398450340455,0.0129662372653027,204,15932,16136,0.0126425384234011,0.0159966067125235,0.015672977915047,0.0167101833470274
"259",2020-10-27,221,13446,13667,65,6059,6124,0.0106139777922926,0.0161703373088461,286,19505,19791,0.0144510130867566,0.0156771929784421,0.0155518364692337,0.0159459368060363
"260",2020-10-28,175,13152,13327,70,5308,5378,0.013015991074749,0.0131312373377354,245,18460,18705,0.0130981021117348,0.0156781159243424,0.0154662743365162,0.0161426233514245
"261",2020-10-29,152,12034,12186,71,5315,5386,0.013182324545117,0.0124733300508781,223,17349,17572,0.0126906442066925,0.0156297638201467,0.0154388717632444,0.0160446040349478
"262",2020-10-30,154,10216,10370,61,5222,5283,0.0115464698088207,0.0148505303760849,215,15438,15653,0.0137353861879512,0.0153366793559261,0.0154195928436101,0.0151393296512285
"263",2020-10-31,108,4226,4334,54,2047,2101,0.025702046644455,0.0249192431933549,162,6273,6435,0.0251748251748252,0.0162791331285685,0.016843246913957,0.0150095299921931
"264",2020-11-01,46,2377,2423,19,1132,1151,0.0165073848827107,0.0189847296739579,65,3509,3574,0.0181869054280918,0.0157113449456362,0.01621366360088,0.0146154342545986
"265",2020-11-02,188,10919,11107,98,4962,5060,0.0193675889328063,0.0169262627172054,286,15881,16167,0.0176903568998577,0.0164324618708443,0.0167793815225804,0.0157051119544216
"266",2020-11-03,273,12923,13196,128,5984,6112,0.0209424083769634,0.0206880872991816,401,18907,19308,0.02076859332919,0.017334973334049,0.0174247743783426,0.017180602037946
"267",2020-11-04,310,13114,13424,110,5735,5845,0.018819503849444,0.0230929678188319,420,18849,19269,0.0217966682235715,0.01857762563574,0.0188478787327849,0.0180096752914739
"268",2020-11-05,276,11632,11908,134,5966,6100,0.0219672131147541,0.0231776956667786,410,17598,18008,0.022767658818303,0.0200171991516843,0.0203770738207707,0.0192646593728506
"269",2020-11-06,260,11504,11764,123,5498,5621,0.0218822273616794,0.0221013260795648,383,17002,17385,0.0220304860511936,0.0212022134178618,0.0214129017784107,0.0207411961661161
"270",2020-11-07,226,4880,5106,106,2646,2752,0.0385174418604651,0.0442616529573051,332,7526,7858,0.0422499363705778,0.023641515017255,0.0241761031732608,0.0225719669112604
"271",2020-11-08,81,2952,3033,41,1247,1288,0.031832298136646,0.0267062314540059,122,4199,4321,0.0282342050451284,0.0250768435339746,0.0252791748561248,0.0247612402332512
"272",2020-11-09,278,12055,12333,128,4795,4923,0.0260004062563478,0.0225411497608043,406,16850,17256,0.0235280482151136,0.025910799436154,0.0260813015766389,0.0257087855651857
"273",2020-11-10,457,14944,15401,129,6245,6374,0.0202384687794164,0.0296733978313097,586,21189,21775,0.0269115958668197,0.0267883712272439,0.0273649173669429,0.0256082227655361
"274",2020-11-11,382,12003,12385,139,5740,5879,0.0236434767817656,0.0308437626160678,521,17743,18264,0.0285260621988611,0.0277497132237139,0.028472173766548,0.0262973617558678
"275",2020-11-12,471,13045,13516,162,6224,6386,0.0253679924835578,0.0348475880437999,633,19269,19902,0.0318058486584263,0.0290408832008744,0.0301393012489797,0.0267831873799826
"276",2020-11-13,406,13305,13711,129,5748,5877,0.0219499744767739,0.0296112610312887,535,19053,19588,0.0273126403920768,0.0297954766781434,0.0312121490992259,0.0267928655392818
"277",2020-11-14,309,6675,6984,130,3133,3263,0.0398406374501992,0.0442439862542955,439,9808,10247,0.0428418073582512,0.0298800296763825,0.0312096252845103,0.0269818934806724
"278",2020-11-15,127,3571,3698,57,1204,1261,0.0452022204599524,0.0343428880475933,184,4775,4959,0.0371042548900988,0.0311471796542354,0.0323005762264513,0.0288918823840019
"279",2020-11-16,313,13233,13546,184,6202,6386,0.0288130284998434,0.0231064520891776,497,19435,19932,0.0249347782460365,0.0313481410872244,0.0323813337019332,0.0292936855616441
"280",2020-11-17,593,17669,18262,257,9003,9260,0.0277537796976242,0.0324717993648012,850,26672,27522,0.030884383402369,0.0319156821637314,0.0327811053495749,0.0303673014071024
"281",2020-11-18,607,16908,17515,205,8360,8565,0.0239346176298891,0.0346560091350271,812,25268,26080,0.0311349693251534,0.0322883831817731,0.0333257119951405,0.0304088929568343
"282",2020-11-19,507,17786,18293,215,8957,9172,0.0234409071085914,0.0277155195976603,722,26743,27465,0.0262880029127981,0.0315001195038263,0.0323068450742634,0.0301335950461248
"283",2020-11-20,550,17948,18498,159,7926,8085,0.0196660482374768,0.0297329441020651,709,25874,26583,0.0266711808298537,0.0314084824235087,0.0323242283700886,0.0298073198690824
"284",2020-11-21,363,8420,8783,151,5032,5183,0.0291337063476751,0.0413298417397245,514,13452,13966,0.036803666046112,0.0305458908074888,0.0319079220108642,0.0282777582830075
"285",2020-11-22,267,5429,5696,75,2031,2106,0.0356125356125356,0.046875,342,7460,7802,0.0438349141245834,0.0315074135552723,0.0336982237183508,0.0269078033048051
"286",2020-11-23,654,18533,19187,221,8910,9131,0.024203263607491,0.0340855787772971,875,27443,28318,0.0308990747934176,0.0323594559191839,0.0352666703880822,0.0262492654630405
"287",2020-11-24,694,16378,17072,247,8681,8928,0.027665770609319,0.040651358950328,941,25059,26000,0.0361923076923077,0.0331177308177466,0.0364351789003003,0.0262366927361397
"288",2020-11-25,868,15817,16685,213,5469,5682,0.0374868004223865,0.0520227749475577,1081,21286,22367,0.0483301292082085,0.0355741822296116,0.0389161454449475,0.0281727188493536
"289",2020-11-26,177,2139,2316,58,663,721,0.0804438280166436,0.0764248704663212,235,2802,3037,0.0773789924267369,0.0428728950173171,0.0458746241404705,0.0363159932647897
"290",2020-11-27,612,9742,10354,174,2718,2892,0.0601659751037344,0.0591075912690748,786,12460,13246,0.0593386682772158,0.0475396789383688,0.0500710023071862,0.0421016971028265
"291",2020-11-28,609,7700,8309,258,4654,4912,0.0525244299674267,0.0732940185341196,867,12354,13221,0.0655774903562514,0.0516502252683888,0.0546373132778141,0.0454432290485053
"292",2020-11-29,560,6769,7329,135,2092,2227,0.060619667714414,0.0764087870105062,695,8861,9556,0.0727291753871913,0.0557779768773327,0.0588564257078864,0.0490156764916307
"293",2020-11-30,971,17248,18219,326,8212,8538,0.0381822440852659,0.0532960096602448,1297,25460,26757,0.0484732967074037,0.0582885800079022,0.0616007729768789,0.0510126737027414
"294",2020-12-01,1375,18784,20159,409,9629,10038,0.0407451683602311,0.0682077484002183,1784,28413,30197,0.0590787164287843,0.061558066970256,0.0655374000411489,0.0528811590957289
"295",2020-12-02,1394,19101,20495,358,8793,9151,0.0391214074964485,0.0680165894120517,1752,27894,29646,0.0590973487148351,0.0630962411854883,0.0678222306789338,0.0531146743920235
"296",2020-12-03,1288,18486,19774,439,8827,9266,0.0473775091733218,0.0651360372205927,1727,27313,29040,0.059469696969697,0.0605377704059112,0.0662095402152583,0.0483909145572632
"297",2020-12-04,1268,17687,18955,458,8099,8557,0.0535234311090335,0.0668952782906885,1726,25786,27512,0.0627362605408549,0.0610231407292882,0.0673220669326317,0.0474419797008774
"298",2020-12-05,867,7927,8794,311,4363,4674,0.066538296961917,0.0985899476916079,1178,12290,13468,0.0874665874665875,0.0641501546021934,0.0709357710979872,0.0494439607000903
"299",2020-12-06,553,5265,5818,205,2484,2689,0.0762365191521012,0.0950498453076659,758,7749,8507,0.0891030915716469,0.066489285485687,0.0735987794261528,0.0516749394769027
"300",2020-12-07,1304,18837,20141,610,8203,8813,0.0692159310110065,0.0647435579166874,1914,27040,28954,0.0661048559784486,0.0690080796672649,0.0752341434627875,0.0561083233234371
"301",2020-12-08,1605,18847,20452,561,8993,9554,0.0587188612099644,0.0784764326227264,2166,27840,30006,0.0721855628874225,0.0708804863042132,0.0767010983517172,0.0586759937305418
"302",2020-12-09,1668,19925,21593,552,8946,9498,0.0581174984207201,0.0772472560552031,2220,28871,31091,0.0714032999903509,0.0726384793435726,0.0780197650150245,0.0613897210054378
"303",2020-12-10,1458,17814,19272,559,8445,9004,0.0620835184362506,0.075653798256538,2017,26259,28276,0.071332578865469,0.0743331767572543,0.0795223023058739,0.0634905794715705
"304",2020-12-11,1245,17083,18328,579,8022,8601,0.067317753749564,0.0679288520296814,1824,25105,26929,0.0677336700211668,0.0750470923972989,0.0796699556971586,0.0654611969916463
"305",2020-12-12,893,8274,9167,305,4539,4844,0.0629644921552436,0.0974146394676557,1198,12813,14011,0.0855042466633359,0.0747667579968344,0.0795020545223083,0.0649506534478358
"306",2020-12-13,807,7594,8401,208,2809,3017,0.0689426582698044,0.0960599928579931,1015,10403,11418,0.0888947276230513,0.0747369917184636,0.0796463613152121,0.0639086733217934
"307",2020-12-14,1376,19701,21077,576,9408,9984,0.0576923076923077,0.0652844332684917,1952,29109,31061,0.0628440810018995,0.0742711667218137,0.0797236292226128,0.0622624414191221
"308",2020-12-15,2034,21961,23995,631,10527,11158,0.0565513532891199,0.0847676599291519,2665,32488,35153,0.0758114527920803,0.0747891509939077,0.0806223759806736,0.06195279743043
"309",2020-12-16,1826,20930,22756,547,9490,10037,0.0544983560824948,0.0802425733872385,2373,30420,32793,0.0723630042996981,0.0749262516095287,0.0810502784566786,0.0614357770963979
"310",2020-12-17,1691,20593,22284,456,8307,8763,0.0520369736391647,0.075884042362233,2147,28900,31047,0.069153219312655,0.0746149145305553,0.0810831704717779,0.0600005564110999
"311",2020-12-18,1370,18333,19703,422,8131,8553,0.0493394130714369,0.0695325584936304,1792,26464,28256,0.0634201585503964,0.0739986986061595,0.0813122713951992,0.0574322220285103
"312",2020-12-19,879,8686,9565,326,5143,5469,0.059608703602121,0.0918975431259801,1205,13829,15034,0.0801516562458428,0.0732340428322319,0.0805241147749598,0.0569528236637785
"313",2020-12-20,697,8129,8826,197,3680,3877,0.0508124838792881,0.0789712213913438,894,11809,12703,0.0703770762811934,0.0705886640691094,0.0780828617082956,0.0543627987508476
"314",2020-12-21,1689,21887,23576,540,10012,10552,0.0511751326762699,0.0716406515100102,2229,31899,34128,0.0653129395218003,0.0709413581433809,0.0789908928856554,0.0534317737485565
"315",2020-12-22,1645,21182,22827,511,9465,9976,0.0512229350441059,0.0720637841153021,2156,30647,32803,0.0657256958205042,0.06950053571887,0.0771760534836769,0.0526705711421259
"316",2020-12-23,1646,19176,20822,438,6732,7170,0.0610878661087866,0.0790510037460379,2084,25908,27992,0.0744498428122321,0.0697986555063749,0.0770058292492196,0.0536119297173104
"317",2020-12-24,853,10262,11115,303,3797,4100,0.0739024390243902,0.0767431399010346,1156,14059,15215,0.0759776536312849,0.0707735746947506,0.0771285574690484,0.0567355676294855
"318",2020-12-25,249,1938,2187,137,1585,1722,0.0795586527293844,0.113854595336077,386,3523,3909,0.0987464824763367,0.0758201923984563,0.0834602770179693,0.0610526018663352
"319",2020-12-26,1095,8958,10053,307,3801,4108,0.0747322297955209,0.108922709638914,1402,12759,14161,0.0990043076053951,0.0785134283069638,0.0858924436626742,0.0632131056082494
"320",2020-12-27,898,7895,8793,295,3333,3628,0.0813120176405733,0.102126691686569,1193,11228,12421,0.0960470171483778,0.0821805627165616,0.0892003679905635,0.0675701818598616
"321",2020-12-28,1960,20838,22798,681,8606,9287,0.0733283083880693,0.0859724537240109,2641,29444,32085,0.0823126071372916,0.0846090866616317,0.0912477683068493,0.0707349212472615
"322",2020-12-29,1970,19566,21536,588,7704,8292,0.0709117221418234,0.0914747399702823,2558,27270,29828,0.0857583478610701,0.0874708940959983,0.0940207620004179,0.073547605118364
"323",2020-12-30,2047,18802,20849,628,5863,6491,0.0967493452472654,0.0981821670104082,2675,24665,27340,0.0978419897585955,0.0908126293740502,0.0967537853238993,0.0786421021381467
"324",2020-12-31,1272,12267,13539,385,4331,4716,0.0816369804919423,0.093950808774651,1657,16598,18255,0.0907696521500959,0.0929257720195946,0.099212023734416,0.0797470366335113
"325",2021-01-01,308,2627,2935,204,1705,1909,0.106862231534835,0.104940374787053,512,4332,4844,0.105697770437655,0.0939188131569258,0.097938563655984,0.0836475478914328
"326",2021-01-02,1051,8996,10047,534,4760,5294,0.10086890819796,0.104608340798248,1585,13756,15341,0.103317906264259,0.0945350415367635,0.0973222252501746,0.0873813590917812
"327",2021-01-03,975,7980,8955,327,3666,3993,0.081893313298272,0.108877721943049,1302,11646,12948,0.100556070435589,0.0951791920063651,0.0982866581439574,0.0874644013285953
"328",2021-01-04,1717,21271,22988,675,10175,10850,0.0622119815668203,0.0746911432051505,2392,31446,33838,0.0706897570778415,0.0935187848550151,0.0966750423555488,0.0858763546398455
"329",2021-01-05,2419,22586,25005,734,10281,11015,0.0666364049024058,0.0967406518696261,3153,32867,36020,0.0875347029428095,0.0937725498666921,0.0974273154840265,0.0852655950342144
"330",2021-01-06,1984,20895,22879,599,9488,10087,0.0593833647268762,0.0867170767953145,2583,30383,32966,0.0783534550749257,0.0909884734833107,0.0957894454532988,0.0799275978170159
"331",2021-01-07,1767,20489,22256,573,9393,9966,0.0574954846478025,0.0793943206326384,2340,29882,32222,0.0726211904909689,0.0883958361034354,0.093709947147297,0.0764788126964245
"332",2021-01-08,1261,16296,17557,668,8662,9330,0.0715969989281886,0.0718232044198895,1929,24958,26887,0.0717447093390858,0.0835453988036399,0.0889789228091308,0.0714409223240465
"333",2021-01-09,984,8997,9981,390,4595,4985,0.078234704112337,0.0985873159002104,1374,13592,14966,0.0918080983562742,0.0819011405310706,0.0881187763951254,0.0682074645975289
"334",2021-01-10,749,8670,9419,292,3499,3791,0.0770245317858085,0.079520118908589,1041,12169,13210,0.0788039364118092,0.0787936928133878,0.0839248331044883,0.0675119243814627
"335",2021-01-11,1407,22760,24167,646,10601,11247,0.057437538899262,0.0582198866222535,2053,33361,35414,0.057971423730728,0.0769767880495145,0.0815717964497888,0.0668298611432401
"336",2021-01-12,1626,20861,22487,601,9667,10268,0.058531359563693,0.0723084448792636,2227,30528,32755,0.067989619905358,0.0741846333298785,0.0780814811654513,0.065671997523424
"337",2021-01-13,1419,20546,21965,0,0,0,NA,0.0646027771454587,1419,20546,21965,0.0646027771454587,0.0722202507685261,0.0749222955011861,NA
"338",2021-01-14,1268,20707,21975,0,0,0,NA,0.0577019340159272,1268,20707,21975,0.0577019340159272,0.0700889284149487,0.0718233831273703,NA
"339",2021-01-15,1138,16360,17498,0,0,0,NA,0.065036004114756,1138,16360,17498,0.065036004114756,0.0691305419543302,0.0708537830837798,NA
"340",2021-01-16,725,8045,8770,0,0,0,NA,0.0826681870011402,725,8045,8770,0.0826681870011402,0.0678248403321682,0.068579621812484,NA
"341",2021-01-17,545,6311,6856,0,0,0,NA,0.0794924154025671,545,6311,6856,0.0794924154025671,0.067923194473705,0.0685756641687666,NA
"342",2021-01-18,759,12115,12874,0,0,0,NA,0.0589560354202268,759,12115,12874,0.0589560354202268,0.0680638532864906,0.0686808282827628,NA
"343",2021-01-19,1117,22311,23428,0,0,0,NA,0.0476779921461499,1117,22311,23428,0.0476779921461499,0.0651621921780323,0.0651621921780323,NA
"344",2021-01-20,955,19036,19991,0,0,0,NA,0.0477714971737282,955,19036,19991,0.0477714971737282,0.0627577236106422,0.0627577236106422,NA
"345",2021-01-21,841,19434,20275,0,0,0,NA,0.0414796547472256,841,19434,20275,0.0414796547472256,0.0604402551436848,0.0604402551436848,NA
"346",2021-01-22,692,16132,16824,0,0,0,NA,0.04113171659534,692,16132,16824,0.04113171659534,0.0570253569266254,0.0570253569266254,NA
"347",2021-01-23,492,7409,7901,0,0,0,NA,0.0622705986583977,492,7409,7901,0.0622705986583977,0.054111415734805,0.054111415734805,NA
"348",2021-01-24,401,5447,5848,0,0,0,NA,0.0685704514363885,401,5447,5848,0.0685704514363885,0.0525511351682081,0.0525511351682081,NA
"349",2021-01-25,766,20403,21169,0,0,0,NA,0.0361849874816949,766,20403,21169,0.0361849874816949,0.0492981283198464,0.0492981283198464,NA
"350",2021-01-26,621,17378,17999,0,0,0,NA,0.0345019167731541,621,17378,17999,0.0345019167731541,0.0474158318379899,0.0474158318379899,NA
"351",2021-01-27,633,14679,15312,0,0,0,NA,0.0413401253918495,633,14679,15312,0.0413401253918495,0.0464970644405786,0.0464970644405786,NA
"352",2021-01-28,507,15198,15705,0,0,0,NA,0.0322827125119389,507,15198,15705,0.0322827125119389,0.0451832155498234,0.0451832155498234,NA
"353",2021-01-29,623,15194,15817,0,0,0,NA,0.0393880002528925,623,15194,15817,0.0393880002528925,0.044934113215188,0.044934113215188,NA
"354",2021-01-30,433,6840,7273,0,0,0,NA,0.0595352674274715,433,6840,7273,0.0595352674274715,0.04454335161077,0.04454335161077,NA
"355",2021-01-31,326,4910,5236,0,0,0,NA,0.0622612681436211,326,4910,5236,0.0622612681436211,0.0436420397118032,0.0436420397118032,NA
"356",2021-02-01,594,18534,19128,0,0,0,NA,0.0310539523212045,594,18534,19128,0.0310539523212045,0.042909034688876,0.042909034688876,NA
"357",2021-02-02,491,16439,16930,0,0,0,NA,0.0290017720023627,491,16439,16930,0.0290017720023627,0.0421232997216201,0.0421232997216201,NA
"358",2021-02-03,419,14957,15376,0,0,0,NA,0.0272502601456816,419,14957,15376,0.0272502601456816,0.0401104618293104,0.0401104618293104,NA
"359",2021-02-04,272,10238,10510,0,0,0,NA,0.0258801141769743,272,10238,10510,0.0258801141769743,0.0391958049243154,0.0391958049243154,NA
"360",2021-02-05,28,620,648,0,0,0,NA,0.0432098765432099,28,620,648,0.0432098765432099,0.0397417872515036,0.0397417872515036,NA
